PQ160 I -23000 -23000 0 0 0 0 160 81
T0 5 0 5
T25.6 5 25.6 5
T51.2 5 51.2 5
T76.8 5 76.8 5
T102.4 5 102.4 5
T128 5 128 5
T153.5 5 153.5 5
T179.1 5 179.1 5
T204.7 5 204.7 5
T230.3 5 230.3 5
T255.9 5 255.9 5
T281.5 5 281.5 5
T307.1 5 307.1 5
T332.7 5 332.7 5
T358.3 5 358.3 5
T383.9 5 383.9 5
T409.5 5 409.5 5
T435 5 435 5
T460.6 5 460.6 5
T486.2 5 486.2 5
T511.8 5 511.8 5
T537.4 5 537.4 5
T563 5 563 5
T588.6 5 588.6 5
T614.2 5 614.2 5
T639.8 5 639.8 5
T665.4 5 665.4 5
T690.9 5 690.9 5
T716.5 5 716.5 5
T742.1 5 742.1 5
T767.7 5 767.7 5
T793.3 5 793.3 5
T818.9 5 818.9 5
T844.5 5 844.5 5
T870.1 5 870.1 5
T895.7 5 895.7 5
T921.3 5 921.3 5
T946.9 5 946.9 5
T972.4 5 972.4 5
T998 5 998 5
T1108.2 115.2 1108.2 115.2
T1108.2 140.8 1108.2 140.8
T1108.2 166.3 1108.2 166.3
T1108.2 191.9 1108.2 191.9
T1108.2 217.5 1108.2 217.5
T1108.2 243.1 1108.2 243.1
T1108.2 268.7 1108.2 268.7
T1108.2 294.3 1108.2 294.3
T1108.2 319.9 1108.2 319.9
T1108.2 345.5 1108.2 345.5
T1108.2 371.1 1108.2 371.1
T1108.2 396.7 1108.2 396.7
T1108.2 422.2 1108.2 422.2
T1108.2 447.8 1108.2 447.8
T1108.2 473.4 1108.2 473.4
T1108.2 499 1108.2 499
T1108.2 524.6 1108.2 524.6
T1108.2 550.2 1108.2 550.2
T1108.2 575.8 1108.2 575.8
T1108.2 601.4 1108.2 601.4
T1108.2 627 1108.2 627
T1108.2 652.6 1108.2 652.6
T1108.2 678.2 1108.2 678.2
T1108.2 703.7 1108.2 703.7
T1108.2 729.3 1108.2 729.3
T1108.2 754.9 1108.2 754.9
T1108.2 780.5 1108.2 780.5
T1108.2 806.1 1108.2 806.1
T1108.2 831.7 1108.2 831.7
T1108.2 857.3 1108.2 857.3
T1108.2 882.9 1108.2 882.9
T1108.2 908.5 1108.2 908.5
T1108.2 934.1 1108.2 934.1
T1108.2 959.6 1108.2 959.6
T1108.2 985.2 1108.2 985.2
T1108.2 1010.8 1108.2 1010.8
T1108.2 1036.4 1108.2 1036.4
T1108.2 1062 1108.2 1062
T1108.2 1087.6 1108.2 1087.6
T1108.2 1113.2 1108.2 1113.2
T998 1223.3 998 1223.3
T972.4 1223.3 972.4 1223.3
T946.9 1223.3 946.9 1223.3
T921.3 1223.3 921.3 1223.3
T895.7 1223.3 895.7 1223.3
T870.1 1223.3 870.1 1223.3
T844.5 1223.3 844.5 1223.3
T818.9 1223.3 818.9 1223.3
T793.3 1223.3 793.3 1223.3
T767.7 1223.3 767.7 1223.3
T742.1 1223.3 742.1 1223.3
T716.5 1223.3 716.5 1223.3
T690.9 1223.3 690.9 1223.3
T665.4 1223.3 665.4 1223.3
T639.8 1223.3 639.8 1223.3
T614.2 1223.3 614.2 1223.3
T588.6 1223.3 588.6 1223.3
T563 1223.3 563 1223.3
T537.4 1223.3 537.4 1223.3
T511.8 1223.3 511.8 1223.3
T486.2 1223.3 486.2 1223.3
T460.6 1223.3 460.6 1223.3
T435 1223.3 435 1223.3
T409.5 1223.3 409.5 1223.3
T383.9 1223.3 383.9 1223.3
T358.3 1223.3 358.3 1223.3
T332.7 1223.3 332.7 1223.3
T307.1 1223.3 307.1 1223.3
T281.5 1223.3 281.5 1223.3
T255.9 1223.3 255.9 1223.3
T230.3 1223.3 230.3 1223.3
T204.7 1223.3 204.7 1223.3
T179.1 1223.3 179.1 1223.3
T153.5 1223.3 153.5 1223.3
T128 1223.3 128 1223.3
T102.4 1223.3 102.4 1223.3
T76.8 1223.3 76.8 1223.3
T51.2 1223.3 51.2 1223.3
T25.6 1223.3 25.6 1223.3
T0 1223.3 0 1223.3
T-110.2 1113.2 -110.2 1113.2
T-110.2 1087.6 -110.2 1087.6
T-110.2 1062 -110.2 1062
T-110.2 1036.4 -110.2 1036.4
T-110.2 1010.8 -110.2 1010.8
T-110.2 985.2 -110.2 985.2
T-110.2 959.6 -110.2 959.6
T-110.2 934.1 -110.2 934.1
T-110.2 908.5 -110.2 908.5
T-110.2 882.9 -110.2 882.9
T-110.2 857.3 -110.2 857.3
T-110.2 831.7 -110.2 831.7
T-110.2 806.1 -110.2 806.1
T-110.2 780.5 -110.2 780.5
T-110.2 754.9 -110.2 754.9
T-110.2 729.3 -110.2 729.3
T-110.2 703.7 -110.2 703.7
T-110.2 678.2 -110.2 678.2
T-110.2 652.6 -110.2 652.6
T-110.2 627 -110.2 627
T-110.2 601.4 -110.2 601.4
T-110.2 575.8 -110.2 575.8
T-110.2 550.2 -110.2 550.2
T-110.2 524.6 -110.2 524.6
T-110.2 499 -110.2 499
T-110.2 473.4 -110.2 473.4
T-110.2 447.8 -110.2 447.8
T-110.2 422.2 -110.2 422.2
T-110.2 396.7 -110.2 396.7
T-110.2 371.1 -110.2 371.1
T-110.2 345.5 -110.2 345.5
T-110.2 319.9 -110.2 319.9
T-110.2 294.3 -110.2 294.3
T-110.2 268.7 -110.2 268.7
T-110.2 243.1 -110.2 243.1
T-110.2 217.5 -110.2 217.5
T-110.2 191.9 -110.2 191.9
T-110.2 166.3 -110.2 166.3
T-110.2 140.8 -110.2 140.8
T-110.2 115.2 -110.2 115.2
PAD 0 3
-2 16 RF 90 60 0 0 N
-1 0 R
0 0 R
PAD 41 3
-2 16 RF 0 60 0 0 N
-1 0 R
0 0 R
PAD 42 3
-2 16 RF 0 60 0 0 N
-1 0 R
0 0 R
PAD 43 3
-2 16 RF 0 60 0 0 N
-1 0 R
0 0 R
PAD 44 3
-2 16 RF 0 60 0 0 N
-1 0 R
0 0 R
PAD 45 3
-2 16 RF 0 60 0 0 N
-1 0 R
0 0 R
PAD 46 3
-2 16 RF 0 60 0 0 N
-1 0 R
0 0 R
PAD 47 3
-2 16 RF 0 60 0 0 N
-1 0 R
0 0 R
PAD 48 3
-2 16 RF 0 60 0 0 N
-1 0 R
0 0 R
PAD 49 3
-2 16 RF 0 60 0 0 N
-1 0 R
0 0 R
PAD 50 3
-2 16 RF 0 60 0 0 N
-1 0 R
0 0 R
PAD 51 3
-2 16 RF 0 60 0 0 N
-1 0 R
0 0 R
PAD 52 3
-2 16 RF 0 60 0 0 N
-1 0 R
0 0 R
PAD 53 3
-2 16 RF 0 60 0 0 N
-1 0 R
0 0 R
PAD 54 3
-2 16 RF 0 60 0 0 N
-1 0 R
0 0 R
PAD 55 3
-2 16 RF 0 60 0 0 N
-1 0 R
0 0 R
PAD 56 3
-2 16 RF 0 60 0 0 N
-1 0 R
0 0 R
PAD 57 3
-2 16 RF 0 60 0 0 N
-1 0 R
0 0 R
PAD 58 3
-2 16 RF 0 60 0 0 N
-1 0 R
0 0 R
PAD 59 3
-2 16 RF 0 60 0 0 N
-1 0 R
0 0 R
PAD 60 3
-2 16 RF 0 60 0 0 N
-1 0 R
0 0 R
PAD 61 3
-2 16 RF 0 60 0 0 N
-1 0 R
0 0 R
PAD 62 3
-2 16 RF 0 60 0 0 N
-1 0 R
0 0 R
PAD 63 3
-2 16 RF 0 60 0 0 N
-1 0 R
0 0 R
PAD 64 3
-2 16 RF 0 60 0 0 N
-1 0 R
0 0 R
PAD 65 3
-2 16 RF 0 60 0 0 N
-1 0 R
0 0 R
PAD 66 3
-2 16 RF 0 60 0 0 N
-1 0 R
0 0 R
PAD 67 3
-2 16 RF 0 60 0 0 N
-1 0 R
0 0 R
PAD 68 3
-2 16 RF 0 60 0 0 N
-1 0 R
0 0 R
PAD 69 3
-2 16 RF 0 60 0 0 N
-1 0 R
0 0 R
PAD 70 3
-2 16 RF 0 60 0 0 N
-1 0 R
0 0 R
PAD 71 3
-2 16 RF 0 60 0 0 N
-1 0 R
0 0 R
PAD 72 3
-2 16 RF 0 60 0 0 N
-1 0 R
0 0 R
PAD 73 3
-2 16 RF 0 60 0 0 N
-1 0 R
0 0 R
PAD 74 3
-2 16 RF 0 60 0 0 N
-1 0 R
0 0 R
PAD 75 3
-2 16 RF 0 60 0 0 N
-1 0 R
0 0 R
PAD 76 3
-2 16 RF 0 60 0 0 N
-1 0 R
0 0 R
PAD 77 3
-2 16 RF 0 60 0 0 N
-1 0 R
0 0 R
PAD 78 3
-2 16 RF 0 60 0 0 N
-1 0 R
0 0 R
PAD 79 3
-2 16 RF 0 60 0 0 N
-1 0 R
0 0 R
PAD 80 3
-2 16 RF 0 60 0 0 N
-1 0 R
0 0 R
PAD 121 3
-2 16 RF 0 60 0 0 N
-1 0 R
0 0 R
PAD 122 3
-2 16 RF 0 60 0 0 N
-1 0 R
0 0 R
PAD 123 3
-2 16 RF 0 60 0 0 N
-1 0 R
0 0 R
PAD 124 3
-2 16 RF 0 60 0 0 N
-1 0 R
0 0 R
PAD 125 3
-2 16 RF 0 60 0 0 N
-1 0 R
0 0 R
PAD 126 3
-2 16 RF 0 60 0 0 N
-1 0 R
0 0 R
PAD 127 3
-2 16 RF 0 60 0 0 N
-1 0 R
0 0 R
PAD 128 3
-2 16 RF 0 60 0 0 N
-1 0 R
0 0 R
PAD 129 3
-2 16 RF 0 60 0 0 N
-1 0 R
0 0 R
PAD 130 3
-2 16 RF 0 60 0 0 N
-1 0 R
0 0 R
PAD 131 3
-2 16 RF 0 60 0 0 N
-1 0 R
0 0 R
PAD 132 3
-2 16 RF 0 60 0 0 N
-1 0 R
0 0 R
PAD 133 3
-2 16 RF 0 60 0 0 N
-1 0 R
0 0 R
PAD 134 3
-2 16 RF 0 60 0 0 N
-1 0 R
0 0 R
PAD 135 3
-2 16 RF 0 60 0 0 N
-1 0 R
0 0 R
PAD 136 3
-2 16 RF 0 60 0 0 N
-1 0 R
0 0 R
PAD 137 3
-2 16 RF 0 60 0 0 N
-1 0 R
0 0 R
PAD 138 3
-2 16 RF 0 60 0 0 N
-1 0 R
0 0 R
PAD 139 3
-2 16 RF 0 60 0 0 N
-1 0 R
0 0 R
PAD 140 3
-2 16 RF 0 60 0 0 N
-1 0 R
0 0 R
PAD 141 3
-2 16 RF 0 60 0 0 N
-1 0 R
0 0 R
PAD 142 3
-2 16 RF 0 60 0 0 N
-1 0 R
0 0 R
PAD 143 3
-2 16 RF 0 60 0 0 N
-1 0 R
0 0 R
PAD 144 3
-2 16 RF 0 60 0 0 N
-1 0 R
0 0 R
PAD 145 3
-2 16 RF 0 60 0 0 N
-1 0 R
0 0 R
PAD 146 3
-2 16 RF 0 60 0 0 N
-1 0 R
0 0 R
PAD 147 3
-2 16 RF 0 60 0 0 N
-1 0 R
0 0 R
PAD 148 3
-2 16 RF 0 60 0 0 N
-1 0 R
0 0 R
PAD 149 3
-2 16 RF 0 60 0 0 N
-1 0 R
0 0 R
PAD 150 3
-2 16 RF 0 60 0 0 N
-1 0 R
0 0 R
PAD 151 3
-2 16 RF 0 60 0 0 N
-1 0 R
0 0 R
PAD 152 3
-2 16 RF 0 60 0 0 N
-1 0 R
0 0 R
PAD 153 3
-2 16 RF 0 60 0 0 N
-1 0 R
0 0 R
PAD 154 3
-2 16 RF 0 60 0 0 N
-1 0 R
0 0 R
PAD 155 3
-2 16 RF 0 60 0 0 N
-1 0 R
0 0 R
PAD 156 3
-2 16 RF 0 60 0 0 N
-1 0 R
0 0 R
PAD 157 3
-2 16 RF 0 60 0 0 N
-1 0 R
0 0 R
PAD 158 3
-2 16 RF 0 60 0 0 N
-1 0 R
0 0 R
PAD 159 3
-2 16 RF 0 60 0 0 N
-1 0 R
0 0 R
PAD 160 3
-2 16 RF 0 60 0 0 N
-1 0 R
0 0 R
